                                 _____________________________

                                         SaTScan v9.6
                                 _____________________________


Program run on: Mon Feb 04 17:31:41 2019

Retrospective Space-Time analysis
scanning for clusters with high rates
using the Space-Time Permutation model.
_______________________________________________________________________________________________

SUMMARY OF DATA

Study period.......................: 2011/03/1 to 2011/06/30
Number of locations................: 289
Total number of cases..............: 3320
_______________________________________________________________________________________________

CLUSTERS DETECTED

1.Location IDs included.: 1035, 1548, 2717, 275, 279, 109, 1175, 1867, 2061, 2080, 2273, 278,
                          349, 63, 940, 1012, 1021, 1028, 1073, 1107, 1145, 1232, 1334, 1350,
                          1372, 1387, 1428, 1457, 158, 1610, 1634, 1659, 1663, 1718, 1721, 178,
                          1796, 1827, 1854, 1971, 198, 2010, 2046, 2119, 2121, 2122, 2215,
                          2235, 2239, 2241, 2249, 2253, 2259, 2303, 2382, 2405, 2447, 2462,
                          2520, 2537, 2573, 2587, 2672, 2788, 2863, 2925, 2970, 3002, 301,
                          3028, 3043, 3068, 3070, 310, 3109, 318, 319, 321, 3240, 327, 329,
                          331, 332, 346, 348, 350, 354, 355, 357, 359, 364, 391, 417, 459, 577,
                          582, 597, 601, 617, 621, 640, 738, 752, 756, 771, 786, 789, 892, 936,
                          950, 960, 975, 990
  Coordinates / radius..: (528125,184625) / 250.00
  Time frame............: 2011/3/11 to 2011/3/13
  Number of cases.......: 21
  Expected cases........: 3.54
  Observed / expected...: 5.93
  Test statistic........: 19.975541
  P-value...............: 0.001

2.Location IDs included.: 1951, 1976, 230, 2312, 2330, 2649, 532, 918, 1585, 2025, 2628, 2997,
                          3268, 1047, 1183, 1187, 1557, 1566, 1567, 1696, 1762, 1947, 2280,
                          2489, 2764, 2963, 3139, 522, 749, 854, 901, 903, 1122, 1238, 1538,
                          2171, 3075, 893, 939, 1025, 1026, 1224, 1245, 1341, 1537, 1704, 2357,
                          2361, 26, 2955, 3112, 3212, 3227, 38, 53, 612, 667, 733, 829, 889,
                          98, 64, 129, 1406, 1415, 1800, 2367, 2422, 2575, 30, 3081, 322, 323,
                          877, 993, 995, 1249, 1444, 1468, 1641, 1897, 19, 1970, 2052, 2275,
                          2293, 248, 266, 2700, 2716, 2869, 3037, 3157, 3177, 3247, 3298, 33,
                          34, 36, 381, 436, 44, 48, 485, 50, 555, 600, 605, 653, 661, 699, 703,
                          74, 779, 8, 866, 879, 891, 1106, 1380, 1588, 1885, 190, 2277, 2284,
                          2467, 2570, 2880, 2996, 3010, 3113, 401, 21, 1008, 1271, 1403, 1584,
                          1775, 3095, 3193, 43, 692, 1034, 117, 1189, 1601, 1767, 192, 1955,
                          1956, 1958, 2013, 2175, 2283, 2401, 2430, 2586, 2598, 2692, 2767,
                          281, 2918, 3047, 3132, 3194, 3312, 430, 438, 509, 54, 57, 1207, 491,
                          573, 783, 1280, 1463, 2423, 41, 80, 928
  Coordinates / radius..: (529125,182625) / 500.00
  Time frame............: 2011/3/2 to 2011/3/2
  Number of cases.......: 14
  Expected cases........: 1.91
  Observed / expected...: 7.34
  Test statistic........: 15.831244
  P-value...............: 0.001

3.Location IDs included.: 1014, 1017, 1040, 1049, 1055, 1065, 1067, 107, 108, 1087, 1088, 1089,
                          1101, 1114, 1121, 1126, 1127, 113, 1144, 1151, 1158, 1165, 1174,
                          1178, 1182, 122, 1236, 1262, 1273, 1314, 1315, 1342, 1348, 1357,
                          1361, 1373, 1374, 1390, 1443, 148, 1483, 1488, 1490, 1492, 1493,
                          1505, 1507, 1516, 152, 153, 1530, 1534, 1555, 1556, 1572, 1582, 1586,
                          1594, 1632, 1635, 1637, 1646, 1647, 1674, 168, 1680, 1681, 1685,
                          1691, 1693, 171, 174, 1764, 177, 1784, 1819, 1820, 1833, 1842, 1852,
                          1905, 1925, 1935, 197, 1983, 2004, 2012, 202, 2020, 2027, 2037, 2045,
                          2066, 2067, 207, 2090, 2093, 2118, 217, 2199, 2206, 2224, 2282, 2291,
                          2310, 2351, 2366, 2375, 2388, 2403, 2409, 2428, 2460, 2486, 2500,
                          2501, 255, 2591, 2592, 2621, 2652, 2657, 2658, 268, 2682, 273, 2731,
                          276, 2763, 2769, 2785, 2790, 2809, 2812, 2860, 2915, 2916, 2967, 297,
                          2975, 2979, 3015, 3021, 306, 3100, 311, 3140, 3160, 3181, 3192, 3199,
                          3202, 3211, 3219, 3228, 3231, 3235, 3239, 3296, 345, 352, 383, 388,
                          407, 414, 464, 466, 467, 468, 469, 473, 474, 475, 477, 479, 482, 488,
                          492, 493, 496, 506, 507, 519, 524, 530, 531, 540, 558, 560, 570, 572,
                          602, 635, 646, 651, 660, 662, 70, 721, 730, 735, 736, 755, 767, 77,
                          772, 795, 851, 868, 878, 909, 92, 921, 922, 951, 954, 965, 970
  Coordinates / radius..: (528875,183875) / 0
  Time frame............: 2011/3/17 to 2011/3/18
  Number of cases.......: 21
  Expected cases........: 4.99
  Observed / expected...: 4.21
  Test statistic........: 14.206379
  P-value...............: 0.005

4.Location IDs included.: 1137, 1804, 2077, 2510, 744, 1024, 1061, 1469, 1756, 1759, 1815,
                          2099, 2127, 2156, 2559, 2831, 2885, 315, 476, 687, 741, 799, 824,
                          830, 845, 847, 849, 916, 946, 1972, 2178, 895
  Coordinates / radius..: (529125,184875) / 250.00
  Time frame............: 2011/3/26 to 2011/4/1
  Number of cases.......: 10
  Expected cases........: 1.80
  Observed / expected...: 5.55
  Test statistic........: 8.947150
  P-value...............: 0.799

5.Location IDs included.: 189, 3023, 2026, 2028, 3032, 3033
  Coordinates / radius..: (525875,183875) / 208.10
  Time frame............: 2011/6/21 to 2011/6/21
  Number of cases.......: 3
  Expected cases........: 0.063
  Observed / expected...: 47.43
  Test statistic........: 8.642227
  P-value...............: 0.894

6.Location IDs included.: 3214, 2365, 504, 97, 1222, 1331, 1332, 1370, 1419, 1928, 2051, 2057,
                          2643, 3087, 3102, 3110, 664, 831, 865, 219, 2294, 2308, 454, 1275,
                          1308, 3008, 1884, 2143, 2684, 3208, 1535, 1847, 1849, 1907, 1924,
                          2359, 2524, 2533, 2534, 2535, 2816, 2855, 2889, 3085, 3107, 3120,
                          3122, 607, 943, 952, 968
  Coordinates / radius..: (528625,185625) / 353.55
  Time frame............: 2011/6/23 to 2011/6/23
  Number of cases.......: 6
  Expected cases........: 0.58
  Observed / expected...: 10.28
  Test statistic........: 8.568563
  P-value...............: 0.914

7.Location IDs included.: 1157, 2161, 1148, 1152, 1417, 1540, 2269, 431, 685
  Coordinates / radius..: (525375,183875) / 353.55
  Time frame............: 2011/4/10 to 2011/4/10
  Number of cases.......: 3
  Expected cases........: 0.073
  Observed / expected...: 40.99
  Test statistic........: 8.214296
  P-value...............: 0.976

Note: The coordinates file contains location IDs with identical coordinates that were combined
into one location. In the optional output files, combined locations are represented by a single
location ID as follows:
-----------------------------------------------------------------------------------------------
1 : 1041, 1123, 1552, 1600, 1828, 2, 2060, 2509, 2635, 2669, 2759, 2806, 372, 550, 628, 642,
711
10 : 1143, 1230, 1533, 2710, 670
100 : 121, 1239, 1371, 159, 236, 2740, 569, 599
1000 : 1042, 1057, 1085, 1100, 1120, 1124, 1125, 1130, 1155, 1227, 1235, 1251, 1366, 1405, 144,
1486, 1491, 1525, 1526, 160, 1605, 1628, 1642, 1649, 1660, 1670, 1739, 1751, 1760, 1785, 1913,
1916, 1922, 1936, 1949, 1953, 1960, 1993, 2019, 2081, 2169, 2311, 2421, 2424, 2461, 2474, 2484,
2549, 2568, 2600, 2603, 2607, 2743, 2753, 2796, 28, 2823, 2826, 2857, 289, 2928, 2953, 2958,
2995, 3053, 3288, 3292, 42, 49, 512, 559, 568, 694, 7, 778, 846, 888
1001 : 1365, 1793, 2211, 2565, 2827, 333, 338
1002 : 1003, 1181, 12, 1212, 1261, 1438, 1466, 1603, 1613, 1619, 1624, 1723, 1741, 1770, 1792,
1868, 1898, 1921, 1933, 2002, 2070, 2147, 2148, 2285, 2358, 2377, 2378, 2451, 2518, 2712, 2934,
294, 3020, 3029, 303, 3059, 3074, 3076, 3145, 3162, 3179, 32, 3236, 624, 69, 691, 702, 85, 870,
871, 910, 920, 926, 948
1004 : 630, 760
1005 : 1046, 1084, 11, 1172, 1186, 1197, 1221, 1229, 1263, 14, 1408, 1410, 1414, 1427, 1461,
1462, 1476, 1502, 1503, 154, 1577, 1623, 164, 169, 1715, 1738, 1743, 1889, 1901, 1915, 1968,
1978, 2076, 2091, 2139, 2144, 22, 2286, 2352, 2381, 2387, 2439, 2464, 2620, 2677, 2695, 2696,
277, 2794, 2815, 2820, 2830, 2844, 2879, 2923, 2949, 2984, 2998, 3022, 3062, 3080, 3119, 3149,
3153, 3183, 3185, 320, 3255, 3315, 375, 408, 453, 498, 539, 580, 705, 707, 728, 86, 861, 915,
989, 999
1006 : 1621, 2313
1007 : 1895, 243, 3044, 432, 631, 633, 671, 698, 700, 857
1008 : 1271, 1403, 1584, 1775, 3095, 3193, 43, 692
1009 : 2725, 3158, 3165, 66, 761
101 : 1609, 1720, 1918, 2207, 2217, 2319, 241, 2508, 262, 2818, 285, 2960, 405, 421, 5, 514,
517, 557, 717, 776
1010 : 1465, 1536, 1606, 1638, 1640, 1669, 1724, 1753, 1832, 1862, 1964, 1965, 1997, 1999,
2000, 2134, 2172, 2295, 2301, 2305, 2398, 2722, 2761, 284, 2876, 2962, 2964, 3027, 324, 3304,
400, 452, 46, 546, 626, 627, 637, 753, 791, 87, 88
1012 : 1021, 1028, 1073, 1107, 1145, 1232, 1334, 1350, 1372, 1387, 1428, 1457, 158, 1610, 1634,
1659, 1663, 1718, 1721, 178, 1796, 1827, 1854, 1971, 198, 2010, 2046, 2119, 2121, 2122, 2215,
2235, 2239, 2241, 2249, 2253, 2259, 2303, 2382, 2405, 2447, 2462, 2520, 2537, 2573, 2587, 2672,
2788, 2863, 2925, 2970, 3002, 301, 3028, 3043, 3068, 3070, 310, 3109, 318, 319, 321, 3240, 327,
329, 331, 332, 346, 348, 350, 354, 355, 357, 359, 364, 391, 417, 459, 577, 582, 597, 601, 617,
621, 640, 738, 752, 756, 771, 786, 789, 892, 936, 950, 960, 975, 990
1013 : 1043, 1044, 1432, 458
1014 : 1017, 1040, 1049, 1055, 1065, 1067, 107, 108, 1087, 1088, 1089, 1101, 1114, 1121, 1126,
1127, 113, 1144, 1151, 1158, 1165, 1174, 1178, 1182, 122, 1236, 1262, 1273, 1314, 1315, 1342,
1348, 1357, 1361, 1373, 1374, 1390, 1443, 148, 1483, 1488, 1490, 1492, 1493, 1505, 1507, 1516,
152, 153, 1530, 1534, 1555, 1556, 1572, 1582, 1586, 1594, 1632, 1635, 1637, 1646, 1647, 1674,
168, 1680, 1681, 1685, 1691, 1693, 171, 174, 1764, 177, 1784, 1819, 1820, 1833, 1842, 1852,
1905, 1925, 1935, 197, 1983, 2004, 2012, 202, 2020, 2027, 2037, 2045, 2066, 2067, 207, 2090,
2093, 2118, 217, 2199, 2206, 2224, 2282, 2291, 2310, 2351, 2366, 2375, 2388, 2403, 2409, 2428,
2460, 2486, 2500, 2501, 255, 2591, 2592, 2621, 2652, 2657, 2658, 268, 2682, 273, 2731, 276,
2763, 2769, 2785, 2790, 2809, 2812, 2860, 2915, 2916, 2967, 297, 2975, 2979, 3015, 3021, 306,
3100, 311, 3140, 3160, 3181, 3192, 3199, 3202, 3211, 3219, 3228, 3231, 3235, 3239, 3296, 345,
352, 383, 388, 407, 414, 464, 466, 467, 468, 469, 473, 474, 475, 477, 479, 482, 488, 492, 493,
496, 506, 507, 519, 524, 530, 531, 540, 558, 560, 570, 572, 602, 635, 646, 651, 660, 662, 70,
721, 730, 735, 736, 755, 767, 77, 772, 795, 851, 868, 878, 909, 92, 921, 922, 951, 954, 965,
970
1015 : 104, 1096, 1111, 1149, 1203, 1409, 1411, 142, 1451, 1464, 1520, 1694, 1859, 1873, 1876,
199, 2007, 2073, 2102, 213, 2140, 2328, 2561, 2648, 2703, 2708, 2799, 2965, 3042, 3225, 3283,
344, 374, 406, 658, 782, 938
1016 : 1388, 2128, 2183, 221, 2670, 2673, 2805, 2864, 2914, 316, 3234, 361, 455, 644, 769, 912,
933
1018 : 1291, 1474, 1501, 1644, 1686, 173, 1848, 2167, 2184, 2188, 2193, 2196, 24, 2415, 2472,
2747, 2821, 2988, 3150, 3277, 3317, 527, 606, 609, 615, 676, 809
1019 : 114, 1279, 135, 1382, 140, 1421, 1544, 1645, 1776, 1779, 1932, 2036, 2054, 2072, 2097,
2126, 2157, 218, 2214, 2227, 2348, 2376, 2394, 2583, 2665, 2718, 2755, 2775, 2838, 2856, 2886,
2912, 2927, 2932, 2939, 3141, 3187, 3318, 377, 411, 462, 470, 487, 645, 675, 740, 777, 787,
790, 82, 862, 864, 874, 947, 958
102 : 1112, 1424, 1452, 1722, 2001, 214, 216, 2391, 293, 3057, 3077, 356, 657
1020 : 1048, 1079, 1099, 1423, 1455, 1459, 1494, 1636, 1684, 1735, 1799, 184, 1950, 1973, 2103,
2123, 2203, 2237, 2279, 2299, 2446, 2476, 2499, 2595, 2642, 2715, 2736, 2858, 2888, 296, 3253,
3308, 368, 416, 456, 652, 681, 822
1022 : 1295, 1318, 1569, 1590, 1678, 1870, 1974, 2463, 2541, 2663, 2803, 3256, 716, 826
1023 : 1039, 1778, 2194, 2363, 2456, 2466, 2516, 288, 2952, 840, 935, 992
1024 : 1061, 1469, 1756, 1759, 1815, 2099, 2127, 2156, 2559, 2831, 2885, 315, 476, 687, 741,
799, 824, 830, 845, 847, 849, 916, 946
1025 : 1026, 1224, 1245, 1341, 1537, 1704, 2357, 2361, 26, 2955, 3112, 3212, 3227, 38, 53, 612,
667, 733, 829, 889, 98
1027 : 1058, 1138, 116, 1215, 126, 1278, 1335, 1345, 1473, 1481, 1487, 149, 1496, 1498, 15,
150, 1500, 1551, 1562, 1654, 1661, 1662, 1673, 1676, 1689, 1748, 1791, 1817, 1822, 1863, 1866,
1872, 1909, 1991, 2014, 2021, 2022, 2023, 2024, 2043, 2044, 2047, 2065, 2111, 2170, 2230, 2231,
2232, 2234, 2242, 2267, 2274, 2412, 2441, 2458, 2480, 2523, 259, 2604, 2637, 2655, 2680, 2691,
2793, 2946, 3096, 3198, 3203, 513, 542, 552, 561, 585, 6, 747, 748, 802, 93, 932, 957, 959, 961
1029 : 1030, 1033, 1064, 1074, 1075, 1146, 1171, 1202, 1283, 1285, 1446, 1565, 1617, 1682,
1765, 1783, 1803, 1818, 1904, 1957, 2005, 2176, 2201, 2264, 2289, 2298, 2335, 2368, 2385, 2468,
2495, 2497, 2528, 2542, 260, 2608, 2653, 2699, 2891, 2893, 3004, 3025, 3060, 3262, 3287, 387,
61, 649, 659, 796, 834, 876, 980
103 : 1051, 1139, 1270, 1344, 1359, 1531, 1701, 1719, 1910, 196, 2008, 2049, 2151, 2155, 2195,
2198, 2204, 2261, 2449, 246, 2517, 2543, 2550, 2624, 2675, 2678, 2873, 2890, 2936, 295, 2959,
3128, 3190, 3279, 409, 426, 444, 541, 571, 608, 623, 682, 71, 734, 794, 807, 81, 885
1031 : 1068, 1195, 1228, 1284, 1381, 1631, 1695, 175, 181, 183, 185, 1914, 1975, 200, 2032,
2062, 2101, 23, 234, 2340, 2360, 2459, 2478, 2531, 2690, 271, 2727, 2728, 2733, 274, 2749,
2780, 2897, 31, 3161, 3196, 3284, 3320, 336, 369, 399, 489, 497, 595, 656, 663, 713, 800, 844,
984
1032 : 1167, 1177, 1757, 1806, 2135, 254, 2679, 2693, 2751, 3154, 533, 737, 75
1034 : 117, 1189, 1601, 1767, 192, 1955, 1956, 1958, 2013, 2175, 2283, 2401, 2430, 2586, 2598,
2692, 2767, 281, 2918, 3047, 3132, 3194, 3312, 430, 438, 509, 54, 57
1035 : 1548, 2717, 275, 279
1036 : 110, 13, 1454, 206, 242, 2522, 2551, 365, 419
1037 : 3152, 3241, 325, 924
1038 : 1080, 1118, 115, 1223, 1447, 1471, 1522, 1539, 156, 1788, 1824, 1938, 1981, 2243, 2300,
2371, 2392, 2566, 2577, 263, 2877, 2942, 2973, 3084, 3130, 3302, 392, 501, 518, 564, 83, 967
1045 : 2166, 3035, 3223
1047 : 1183, 1187, 1557, 1566, 1567, 1696, 1762, 1947, 2280, 2489, 2764, 2963, 3139, 522, 749,
854, 901, 903
105 : 1066, 1119, 1147, 1161, 1190, 1205, 1250, 1260, 1268, 1274, 1287, 1301, 1324, 1325, 1343,
1356, 1369, 1495, 1524, 1598, 1651, 1697, 1717, 1782, 1821, 1829, 187, 1875, 1888, 1926, 2075,
2120, 2222, 223, 2276, 2374, 2418, 2471, 2505, 2530, 2641, 265, 2656, 2714, 2721, 2723, 2726,
2738, 2782, 2814, 2900, 292, 3009, 3030, 3031, 3041, 3072, 3088, 3103, 3105, 3226, 3258, 3274,
347, 371, 39, 471, 500, 502, 515, 534, 536, 548, 587, 632, 634, 693, 701, 739, 768, 770, 929,
966, 974
1050 : 25, 3147, 3180
1052 : 1296, 1337, 1436, 1448, 2190, 2270, 3, 3276
1053 : 1092, 1193, 1247, 1299, 1300, 137, 1394, 1422, 1549, 1558, 1575, 1587, 1626, 1726, 1780,
1797, 1801, 1802, 1990, 2079, 2089, 2116, 2174, 2220, 2236, 224, 2251, 2306, 2309, 2397, 2408,
2425, 2457, 2488, 2529, 2564, 258, 2599, 2618, 2654, 2730, 2807, 2846, 2847, 2887, 2930, 2943,
299, 3067, 314, 3275, 3281, 379, 396, 629, 65, 668, 828, 836, 839
1054 : 1102, 1176, 1272, 1340, 1349, 1353, 1354, 1376, 1467, 1523, 1707, 1923, 1937, 1948,
1963, 2003, 2011, 2115, 2141, 2252, 2326, 2332, 2438, 2638, 2824, 2828, 2853, 2878, 2940, 2987,
2992, 305, 3101, 3144, 3310, 37, 463, 511, 643, 68
1056 : 1160, 1170, 1430, 2521, 2560, 3063, 3248, 553
1059 : 1237, 1703, 1945, 1962, 2058, 2105, 2798, 402, 490, 592, 684, 982, 99
1060 : 1082, 1116, 1140, 1141, 1153, 1166, 128, 1293, 1330, 1333, 146, 147, 1484, 151, 1532,
1550, 1570, 1652, 1653, 1668, 1752, 1808, 1834, 1850, 1903, 1979, 1986, 2016, 2056, 2137, 2168,
2268, 2370, 2386, 2411, 2420, 2434, 2453, 2469, 2540, 257, 2572, 2625, 2626, 2629, 2650, 2674,
2774, 2801, 2862, 2906, 2910, 2947, 2974, 2976, 2980, 2985, 3003, 3014, 3017, 302, 3131, 3151,
3159, 3171, 3224, 3270, 341, 376, 441, 545, 591, 732, 754, 764, 766, 773, 792, 808, 956
1062 : 1306, 1413, 1543, 2354, 2482, 2742, 2931, 2951, 3116, 3286, 898
1063 : 1276, 2477, 2589, 2908, 385, 688, 979
1069 : 1081, 1083, 1108, 1220, 1310, 1518, 1559, 1679, 1771, 1787, 2334, 2483, 2580, 2668,
2800, 2907, 2950, 2954, 3055, 3064, 3114, 3178, 3290, 340, 424, 427, 566, 669, 683, 689, 818,
860, 887
1070 : 1136, 1472, 1497, 1573, 1728, 1769, 1927, 2197, 2355, 2417, 2432, 2511, 2664, 581, 817,
977
1071 : 1077, 1159, 1164, 118, 1191, 1192, 1196, 123, 1282, 1304, 1355, 1396, 1441, 145, 1583,
1630, 165, 1656, 1755, 1761, 1843, 1959, 1984, 2017, 203, 2107, 2159, 2327, 2346, 2384, 2431,
2433, 2450, 2532, 2610, 2632, 2683, 2752, 2760, 2795, 2839, 2866, 2993, 3092, 3156, 3206, 3237,
429, 58, 704, 731, 780, 930, 964
1072 : 1265, 1288, 1442, 1450, 1475, 1506, 1546, 1633, 1671, 1736, 1807, 1810, 1920, 1943,
2029, 2187, 222, 2225, 2260, 2266, 252, 253, 2539, 2569, 2611, 2616, 264, 2659, 2770, 2813,
2861, 291, 3216, 3293, 526, 697, 785, 848, 883, 890
1076 : 1078, 1104, 1154, 1216, 1243, 1257, 1290, 1319, 138, 1398, 1456, 16, 1727, 1731, 1789,
1864, 1911, 20, 2006, 2083, 2117, 2150, 2189, 2219, 2307, 231, 2315, 2504, 2588, 2615, 2634,
270, 2720, 2868, 2870, 2896, 2945, 3079, 308, 3089, 3142, 3259, 343, 404, 439, 447, 480, 538,
616, 67, 714, 720, 722, 73, 746, 751, 775, 788, 858, 896, 91, 934
1086 : 1094, 1097, 1225, 1281, 1305, 1402, 1412, 1982, 2109, 2179, 2216, 2218, 2233, 2297,
2341, 2364, 2444, 2584, 2825, 2840, 2894, 2961, 3050, 3090, 3167, 3316, 843, 886
109 : 1175, 1867, 2061, 2080, 2273, 278, 349, 63, 940
1090 : 1113, 1201, 1252, 1303, 1389, 1554, 1580, 1581, 1675, 1826, 2108, 2131, 2192, 2228,
2331, 2445, 2558, 2875, 2895, 2941, 3024, 3073, 3172, 3264, 337, 435, 460, 537, 648, 672, 835
1091 : 1213, 1363, 1564, 1596, 1597, 1667, 1716, 1851, 1967, 1994, 2181, 2248, 2272, 240, 2416,
2605, 2778, 2779, 2983, 309, 3099, 3261, 395, 486, 516, 56, 584, 622, 712, 815, 923, 971
1093 : 1184, 1479, 1812, 2130, 2344, 2362, 2410, 2602, 3045, 3098, 3278, 420, 574, 596, 84
1095 : 141, 1514, 161, 1648, 1747, 1856, 1857, 1985, 2138, 2373, 2435, 2437, 2709, 2776, 2789,
2804, 2810, 3104, 3188, 370, 620, 680, 745, 842
1098 : 125, 1289, 1407, 1426, 1666, 2094, 2854, 2884, 810
1103 : 1745, 1865, 2590, 334
1106 : 1380, 1588, 1885, 190, 2277, 2284, 2467, 2570, 2880, 2996, 3010, 3113, 401
1109 : 1218, 1478, 1511, 1853, 1887, 1940, 2009, 2055, 2316, 2372, 2452, 2614, 2667, 2744,
2982, 3065, 3115, 3127, 3133, 3289
111 : 1110, 1132, 1383, 2033, 2086, 2186, 2492, 2689, 2711, 2771, 2787, 2905, 313, 3291, 863
1115 : 1259, 1712, 1836, 636, 998
1117 : 1574, 1690, 2209, 2496, 2872, 2966, 76
112 : 1329, 1351, 1364, 139, 1519, 1521, 1561, 1604, 1612, 1786, 1908, 201, 2038, 2041, 2165,
220, 225, 2256, 2389, 2623, 2754, 3039, 3129, 326, 3265, 330, 342, 450, 563, 575, 590, 610,
905, 927, 949, 955, 963, 972
1122 : 1238, 1538, 2171, 3075, 893, 939
1128 : 170, 1730, 205, 2697, 3040, 3204, 811
1129 : 1254, 182, 2154, 3124, 3252, 911
1131 : 1173, 120, 1244, 133, 1367, 1384, 1445, 163, 1699, 1795, 1831, 1879, 2050, 2210, 2238,
2440, 2921, 3182, 567, 806, 986
1133 : 1142, 1234, 1321, 1327, 1352, 1360, 1433, 1513, 1528, 1687, 1860, 2100, 2221, 2223,
2278, 2336, 2402, 2419, 2436, 2473, 2557, 2581, 2601, 2612, 2719, 2781, 280, 2871, 2881, 2971,
304, 3148, 317, 3200, 3266, 3269, 358, 360, 378, 47, 494, 499, 59, 639, 690, 724, 765, 781,
825, 897
1134 : 1135, 1210, 1311, 1317, 1338, 1391, 1658, 1710, 18, 194, 1952, 2030, 2074, 212, 2240,
2250, 2302, 2350, 2494, 2507, 2563, 2579, 2593, 2792, 2901, 2978, 3038, 3052, 3086, 3246, 3271,
3297, 373, 483, 528, 594, 798, 976
1137 : 1804, 2077, 2510, 744
1148 : 1152, 1417, 1540, 2269, 431, 685
1150 : 1253, 1312, 1336, 166, 2399, 2698, 2732, 2739, 2841, 2843, 3034, 3135, 457, 666, 673
1156 : 1219, 1233, 1269, 1434, 1592, 1692, 1729, 1798, 2082, 2087, 2145, 2245, 2304, 244, 247,
2631, 3166, 433, 655, 942
1162 : 2257, 2562, 2874, 2981, 3201, 3313, 908
1168 : 119, 1217, 1886, 2185, 2349, 2687, 2898, 3173, 90
1169 : 1198, 1208, 1231, 1246, 1347, 1368, 1392, 1616, 1657, 17, 1846, 1900, 2042, 2177, 2226,
2400, 2406, 251, 2545, 2552, 2705, 2757, 2834, 2835, 2899, 2937, 3272, 3282, 611, 859, 900
1179 : 2322
1180 : 2849, 3215
1185 : 1758
1188 : 1404, 1746, 1882, 1942, 2069, 2149, 215, 2162, 2842, 2913, 3061, 3303, 403, 820, 832,
931, 991
1194 : 131, 1418, 1508, 1611, 1811, 1877, 2556, 256, 269, 3305, 719
1199 : 1578, 1700, 1845, 1874, 2048, 2053, 2084, 2288, 261, 2702, 2819, 283, 2917, 3263, 3300,
3319, 465, 823
1200 : 1515, 2110, 2324, 2597, 2729, 312, 3217, 380, 389, 729, 907
1204 : 1439, 1672, 179, 2035, 2096, 2132, 2136, 2180, 2379, 2414, 2594, 2783, 2784, 3146, 3294,
535, 715
1206 : 1211, 1292, 1302, 1470, 1485, 1512, 1781, 2129, 2182, 2200, 2213, 2525, 2546, 2576,
2627, 2647, 2990, 3007, 3091, 3299, 335, 593, 618, 763, 79, 852, 869
1207 : 491, 573, 783
1209 : 803
1214 : 1688, 2287, 2762, 2797, 2903, 3083, 679, 856
1222 : 1331, 1332, 1370, 1419, 1928, 2051, 2057, 2643, 3087, 3102, 3110, 664, 831, 865
1226 : 1431, 186, 3218, 3307, 495
124 : 1379, 2112, 2262, 2578, 3054, 855
1240 : 3019, 579
1241 : 2163, 2254, 2701, 3106, 3257, 837
1242 : 1614, 1742, 1777, 2487, 2773, 520
1248 : 1861, 3221, 363, 367, 723
1249 : 1444, 1468, 1641, 1897, 19, 1970, 2052, 2275, 2293, 248, 266, 2700, 2716, 2869, 3037,
3157, 3177, 3247, 3298, 33, 34, 36, 381, 436, 44, 48, 485, 50, 555, 600, 605, 653, 661, 699,
703, 74, 779, 8, 866, 879, 891
1255 : 1477, 1509, 2442, 3207, 3232
1256 : 1713, 1969, 2470, 2685, 2837, 3176, 3230, 578, 821, 841, 867
1258 : 1608, 1931, 2040, 2071, 2338, 2676, 2972, 586
1264 : 127, 130, 1416, 1482, 1607, 1650, 2208, 2212, 2333, 2514, 2553, 2956, 2977, 3066, 3163,
3184, 3186, 554, 583, 613, 614, 784
1266 : 2443, 925
1267 : 1346, 1929, 2536, 3069
1277 : 1560, 1725, 188, 1934, 2113, 2114, 226, 2325, 2353, 245, 2547, 2582, 2904, 3108, 3267,
3295, 422, 445, 45, 478, 914, 94
1280 : 1463, 2423, 41, 80, 928
1286 : 3220, 816
129 : 1406, 1415, 1800, 2367, 2422, 2575, 30, 3081, 322, 323, 877, 993, 995
1298 : 2851, 2948, 529
1307 : 1869, 1871, 239, 2660, 2666, 2865, 2919, 3245, 440, 625
1308 : 3008
1309 : 1629, 2246, 249, 2606, 287, 3005
1313 : 1568, 2407
1316 : 1625, 393
132 : 3137
1320 : 2124, 2704, 2911, 962
1322 : 2609, 3051
1323 : 1733, 1813, 2369, 267, 2836, 543, 60
1326 : 2833, 833
1328 : 1579, 1615, 1622, 1814, 1946, 2095, 2173, 2290, 2688, 2808, 2920, 3125, 3164, 3189,
3210, 762, 850
1339 : 1841, 523, 547, 757
134 : 1429, 3138, 521
1358 : 902
136 : 1838, 1894, 1919, 2339, 2395, 2538, 3049, 696, 985
1362 : 1545, 1593, 180, 1809, 1995, 2265, 235, 2383, 2622, 2750, 3058, 3244, 382, 449, 576,
619, 89
1377 : 1489, 1510, 1576, 2015, 2567, 2883, 598, 945
1378 : 1705, 3249
1385 : 2822, 2929, 484
1386 : 1541, 1709, 1830, 1896, 2661, 2745, 2892, 413, 472, 674, 804, 899
1393 : 162, 2034, 228, 2924
1395 : 2229, 2465, 872, 937
1397 : 176, 442, 525
1400 : 1740, 1840, 1941, 2125, 2255, 2596, 2645, 2671, 2694, 2926, 2969, 2989, 3094, 410, 415,
446, 481, 505, 52, 565
1401 : 1453, 1602, 3251
1420 : 1763, 2758, 2768, 913, 987
1425 : 1449, 1702, 2158, 2314, 3006, 3071, 9, 906
143 : 172, 204, 2088, 428, 677, 919
1435 : 155, 2448, 2968
1437 : 1499, 3197, 706
1440 : 2848, 801
1460 : 1529, 2152, 2320, 2613, 641, 709, 838, 981
1504 : 1627, 1773, 229, 2296, 2646, 290, 2902, 880
1517 : 1893, 1930
1527 : 2039, 2454
1535 : 1847, 1849, 1907, 1924, 2359, 2524, 2533, 2534, 2535, 2816, 2855, 2889, 3085, 3107,
3120, 3122, 607, 943, 952, 968
1542 : 1987, 3016, 969
1547 : 2479
1553 : 1944, 2455, 997
157 : 3233
1571 : 1816, 232, 2380, 2475, 286, 793, 904
1585 : 2025, 2628, 2997, 3268
1589 : 238, 2503, 2636, 27, 3285
1591 : 1711, 2064, 208, 2104, 2544, 3174, 797
1595 : 1977, 2247, 3273, 881
1599 : 1998, 2706, 2741, 55, 604, 665, 805, 983, 988
1618 : 1766, 1794, 1899, 1954, 1988, 2018, 2098, 2160, 2935, 3254, 35, 351, 62, 647, 678, 686,
894, 917
1620 : 233, 2633, 2852, 3195, 953
1639 : 1664, 2571, 3175, 725, 726, 994
1643 : 2555, 2933, 384
1655 : 1892, 1989, 2832
1665 : 1858, 2031, 2202, 2404, 2512, 2724, 2777, 434, 973
167 : 3082, 544
1677 : 1683, 638, 873
1698 : 2205, 353
1706 : 1737, 1823, 1890, 1980, 2133, 2845, 3280, 3314
1708 : 2345, 2991, 3056, 650
1714 : 2292, 2393, 2527, 2554, 2662, 2713, 3117, 3143, 3238, 3306, 362, 978
1734 : 1744, 1881, 2490, 2859
1749 : 191, 1939, 2737, 2765, 3026, 3134, 996
1750 : 2766, 3209, 710
1754 : 1805, 3111, 461, 78
1768 : 1837, 1906, 209, 2317, 2630, 2746, 3126, 759
1772 : 1880, 3229
1774 : 1825, 1912, 2068, 2817, 3222, 95
1790 : 503, 562
1835 : 227
1839 : 2786
1855 : 210
1884 : 2143, 2684, 3208
189 : 3023
1891 : 2343, 3011
1902 : 2146, 2748, 727, 774
193 : 2142, 272, 3136
195 : 2640
1951 : 1976, 230, 2312, 2330, 2649, 532, 918
1972 : 2178, 895
1992 : 300, 437, 695
1996 : 2850, 813
2026 : 2028, 3032, 3033
2059 : 2772, 40
2063 : 941
2078 : 2651
2085 : 750
2092 : 3048, 708
2106 : 211, 2329, 2957, 2999, 3311, 425
2153 : 2396, 2493, 2909, 3078, 3213, 508
2164 : 3118, 3169
219 : 2294, 2308, 454
2191 : 2342, 3012, 398, 654, 96
2244 : 2390, 2619
2258 : 2735, 2802, 29, 3123, 743
2263 : 2426, 589
2281 : 328, 510
2318 : 884
2321 : 2347
2323 : 2337, 386, 758
2356 : 2791, 3260, 394, 423
2365 : 504, 97
2413 : 2427, 339, 603
2485 : 875
2491 : 2526, 812
2498 : 3001, 819
250 : 307, 827
2502 : 412
2506 : 2644, 2811
2548 : 418
2585 : 3013, 3191, 853
2707 : 2829, 448
282 : 2867
2922 : 3155, 366
2944 : 2986, 3000
298 : 2994
3093 : 4, 882
3205 : 3250
3242 : 549, 944
3309 : 814
_______________________________________________________________________________________________

PARAMETER SETTINGS

Input
-----
  Case File        : C:\Users\ucesjah\Dropbox\Sage\Bookdown\spatiotemporal_analytics\Data\theftcrime.cas
  Time Precision   : Day
  Start Time       : 2011/03/1
  End Time         : 2011/06/30
  Coordinates File : C:\Users\ucesjah\Dropbox\Sage\Bookdown\spatiotemporal_analytics\Data\theftcrimeCood.geo
  Coordinates      : Cartesian

Analysis
--------
  Type of Analysis        : Retrospective Space-Time
  Probability Model       : Space-Time Permutation
  Scan for Areas with     : High Rates
  Time Aggregation Units  : Day
  Time Aggregation Length : 1

Output
------
  Main Results File       : C:\Users\ucesjah\Dropbox\Sage\Bookdown\spatiotemporal_analytics\Data\sampleResultSaTScan.txt
  Cluster File            : C:\Users\ucesjah\Dropbox\Sage\Bookdown\spatiotemporal_analytics\Data\sampleResultSaTScan.col.txt
  Cartesian Graph File    : C:\Users\ucesjah\Dropbox\Sage\Bookdown\spatiotemporal_analytics\Data\sampleResultSaTScan.cluster.html
  Cluster File            : C:\Users\ucesjah\Dropbox\Sage\Bookdown\spatiotemporal_analytics\Data\sampleResultSaTScan.cluster.col.dbf
  Stratified Cluster File : C:\Users\ucesjah\Dropbox\Sage\Bookdown\spatiotemporal_analytics\Data\sampleResultSaTScan.cluster.sci.txt
  Stratified Cluster File : C:\Users\ucesjah\Dropbox\Sage\Bookdown\spatiotemporal_analytics\Data\sampleResultSaTScan.cluster.sci.dbf
  Location File           : C:\Users\ucesjah\Dropbox\Sage\Bookdown\spatiotemporal_analytics\Data\sampleResultSaTScan.cluster.gis.txt
  Location File           : C:\Users\ucesjah\Dropbox\Sage\Bookdown\spatiotemporal_analytics\Data\sampleResultSaTScan.cluster.gis.dbf
  Simulated LLRs File     : C:\Users\ucesjah\Dropbox\Sage\Bookdown\spatiotemporal_analytics\Data\sampleResultSaTScan.cluster.llr.txt
  Simulated LLRs File     : C:\Users\ucesjah\Dropbox\Sage\Bookdown\spatiotemporal_analytics\Data\sampleResultSaTScan.cluster.llr.dbf

Data Checking
-------------
  Temporal Data Check     : Check to ensure that all cases and controls are within the specified temporal study period.
  Geographical Data Check : Check to ensure that all observations (cases, controls and populations) are within the specified geographical area.

Spatial Neighbors
-----------------
  Use Non-Euclidian Neighbors file : No
  Use Meta Locations File          : No
  Multiple Coordinates Type        : Allow only one set of coordinates per location ID.

Spatial Window
--------------
  Maximum Spatial Cluster Size : 50 percent of population at risk
  Maximum Spatial Cluster Size : 750 Cartesian units
  Window Shape                 : Circular

Temporal Window
---------------
  Minimum Temporal Cluster Size : 1 Day
  Maximum Temporal Cluster Size : 50 percent of study period

Cluster Restrictions
--------------------
  Minimum Cases in Cluster for High Rates : 2
  Restrict High Rate Clusters             : No

Space And Time Adjustments
--------------------------
  Adjust for Weekly Trends, Nonparametric : No

Inference
---------
  P-Value Reporting                  : Standard Monte Carlo
  Report Gumbel Based P-Values       : No
  Number of Replications             : 999
  Adjusting for More Likely Clusters : No

Spatial Output
--------------
  Automatically Launch Map                  : Yes
  Report Hierarchical Clusters              : Yes
  Criteria for Reporting Secondary Clusters : No Geographical Overlap
  Restrict Reporting to Smaller Clusters    : No

Temporal Graphs
---------------
  Produce Temporal Graphs : No

Other Output
------------
  Report Critical Values     : No
  Report Monte Carlo Rank    : No
  Print ASCII Column Headers : Yes

Run Options
-----------
  Processor Usage   : All Available Processors
  Suppress Warnings : No
  Logging Analysis  : Yes
_______________________________________________________________________________________________

Program completed  : Mon Feb 04 17:32:03 2019
Total Running Time : 22 seconds
Processor Usage    : 8 processors