TST_STAT            
10.234366           
9.080674            
11.326859           
9.727158            
10.369040           
10.949885           
13.584740           
10.099919           
10.185402           
9.841016            
8.622217            
10.626972           
9.837469            
9.234965            
10.011128           
11.562302           
10.542357           
10.159114           
13.603265           
8.730540            
11.400003           
9.852692            
9.885206            
10.499361           
9.732632            
10.932754           
9.551673            
8.290887            
8.363435            
12.935468           
11.100320           
8.212904            
10.041651           
11.125723           
9.880121            
9.687779            
10.125646           
9.068004            
9.676860            
9.678612            
10.056282           
8.989170            
10.233619           
9.543624            
9.716748            
9.807903            
10.940062           
8.820995            
10.587723           
10.175188           
9.069424            
8.489731            
9.525392            
9.656298            
8.554011            
9.496274            
10.867823           
13.119997           
8.890345            
9.744391            
9.213141            
9.988247            
10.881377           
9.119595            
9.558524            
10.949885           
10.556614           
10.200891           
9.966270            
10.348003           
9.398789            
10.508412           
9.868751            
9.196506            
9.140292            
10.589191           
8.457097            
12.393716           
13.907883           
8.991155            
10.355731           
10.203738           
11.612555           
8.692295            
11.208880           
8.460367            
13.825387           
10.807605           
10.720944           
9.854523            
9.779865            
9.003187            
10.842013           
8.439972            
10.588028           
8.689711            
10.243616           
8.437509            
9.703360            
9.609946            
8.756027            
8.606680            
10.756326           
9.150293            
11.978009           
11.113624           
12.214292           
8.538817            
9.797118            
9.053063            
15.168635           
11.260920           
9.093092            
9.834732            
9.561950            
9.194238            
10.488850           
9.944651            
9.258548            
8.879034            
9.723051            
9.375990            
9.824222            
8.348176            
11.514611           
9.910825            
8.559537            
9.424590            
9.851760            
10.199512           
9.633587            
9.133591            
9.668281            
12.079939           
10.239944           
9.763414            
9.562967            
9.583059            
9.713073            
8.974650            
9.686393            
11.240582           
10.466204           
10.803324           
8.910916            
10.542357           
8.957816            
9.122633            
9.231027            
10.319814           
10.141705           
10.589191           
8.974650            
10.526101           
11.788171           
9.897972            
8.338604            
9.693293            
8.571260            
8.416148            
8.988396            
10.007403           
8.487294            
11.313348           
8.939288            
8.377509            
12.570890           
10.291423           
8.867694            
9.060891            
9.270265            
10.196824           
10.465831           
8.521679            
9.253169            
10.128001           
9.505636            
9.231768            
9.247744            
8.168633            
10.319975           
10.268283           
11.502836           
8.917063            
8.772292            
8.542830            
11.577277           
8.705954            
9.958516            
9.193564            
9.290539            
12.877373           
12.346916           
9.501158            
8.939163            
10.497814           
9.677106            
10.947954           
11.440543           
9.987022            
12.868736           
10.192175           
10.811108           
10.657756           
9.921023            
11.339179           
9.828125            
8.995303            
11.573400           
10.736228           
9.285891            
9.427380            
9.221298            
10.420892           
9.265364            
11.537505           
10.542357           
11.140597           
9.068214            
11.581314           
10.729923           
10.525166           
10.677889           
9.109840            
8.897723            
9.763742            
10.293990           
9.575617            
9.575201            
9.999555            
9.306483            
11.212247           
8.296252            
10.636825           
8.841737            
11.268837           
9.673254            
10.357558           
9.999555            
10.041552           
8.528207            
8.176300            
10.235709           
13.340535           
9.853005            
14.142537           
9.301386            
9.301065            
9.547640            
9.406315            
10.478398           
8.385125            
9.363485            
9.731968            
9.805296            
10.839025           
9.646055            
9.686325            
10.114716           
8.499244            
8.896591            
9.102432            
8.333909            
9.642854            
10.166214           
10.452647           
8.951989            
11.668754           
9.792358            
9.026656            
9.314471            
10.273224           
11.997410           
8.939163            
10.454572           
10.455126           
9.809573            
13.464953           
8.768974            
8.360619            
8.974650            
8.491442            
9.881110            
10.454953           
8.385125            
9.555839            
10.405866           
8.452824            
9.729383            
9.756719            
11.363967           
12.606310           
9.918983            
8.411067            
9.382964            
11.747362           
11.590405           
8.826814            
8.201207            
8.450962            
11.269856           
9.144046            
9.837556            
10.992928           
9.181014            
10.218584           
8.938041            
10.913220           
9.289371            
8.609656            
8.425535            
10.994944           
10.533795           
10.289660           
9.411156            
9.857251            
8.773973            
9.708408            
8.957359            
9.838888            
10.116612           
8.983302            
8.864056            
8.837504            
9.149536            
9.112054            
10.947954           
10.171947           
9.098259            
9.714350            
9.673278            
8.678082            
8.277857            
10.044493           
9.069062            
10.209835           
10.278232           
8.793035            
10.402865           
9.481199            
9.424590            
9.038856            
9.603333            
9.783456            
8.802248            
11.103929           
8.716116            
9.008546            
9.517731            
8.817777            
11.369946           
9.266432            
9.627846            
10.811108           
8.604906            
11.513956           
10.102782           
9.401409            
10.881377           
8.932256            
10.312036           
11.730443           
8.768234            
11.896065           
9.717699            
8.841989            
10.173685           
10.079149           
9.943805            
10.542357           
11.946354           
10.721132           
11.028874           
8.681669            
10.808909           
9.497530            
10.119150           
10.052280           
9.698276            
9.559237            
11.409165           
11.440942           
8.932256            
9.762178            
9.338558            
11.897826           
8.609656            
8.237672            
11.102293           
10.120490           
11.476641           
8.939163            
10.375931           
12.651944           
10.165343           
9.923315            
9.447246            
9.026656            
9.828125            
8.815137            
8.474017            
9.324750            
9.798844            
9.582570            
8.815137            
9.318701            
9.746447            
10.380359           
10.794738           
8.578765            
8.936916            
9.062105            
9.676860            
8.905646            
9.280889            
11.039377           
9.316945            
9.616296            
8.304234            
9.614947            
8.718164            
11.059483           
7.837178            
9.351545            
12.400834           
10.266440           
10.775675           
9.676860            
11.612555           
9.860590            
10.542357           
9.348156            
10.889509           
8.808656            
9.342736            
8.593888            
8.742819            
8.236985            
8.607255            
10.939866           
9.371354            
9.624478            
11.735308           
11.164457           
8.962765            
7.878077            
10.184373           
10.707800           
9.807903            
10.637355           
10.352612           
10.287632           
9.190065            
12.023310           
9.178659            
9.944492            
8.533264            
9.807953            
8.972615            
9.137449            
10.952469           
9.402241            
9.684811            
11.699400           
9.163392            
12.595023           
9.999555            
11.254630           
9.499674            
9.220237            
8.771129            
8.706906            
10.417883           
10.029534           
8.383931            
10.798734           
8.715025            
10.122250           
9.914267            
9.351545            
10.832840           
8.820995            
8.695620            
8.799189            
9.706117            
9.523133            
12.582513           
10.182560           
11.463758           
7.956296            
9.281825            
11.041421           
9.217331            
11.031024           
11.054452           
11.475126           
11.411176           
10.449813           
9.545278            
9.783177            
12.565681           
9.286242            
11.960220           
9.770596            
10.410730           
9.095948            
9.958516            
9.912370            
11.785813           
10.115316           
9.060932            
8.309994            
8.823584            
9.715547            
9.064523            
9.062605            
9.497038            
11.703187           
10.561059           
10.234404           
8.911241            
8.305502            
11.136058           
8.601641            
12.250381           
10.322198           
10.113291           
10.307931           
8.718378            
8.274190            
9.846688            
9.644413            
8.197343            
9.885978            
12.561714           
11.990643           
11.461381           
9.633587            
9.843782            
10.529371           
10.414177           
10.466204           
10.084553           
9.582570            
9.348156            
12.294121           
8.866402            
9.348084            
9.381333            
8.531721            
9.485025            
8.951989            
11.373819           
9.944492            
9.633587            
10.590466           
9.223326            
13.129032           
10.509390           
9.742557            
10.067831           
9.034307            
8.642227            
9.633587            
8.999469            
8.609656            
9.399115            
10.760529           
11.665829           
11.666413           
10.725890           
9.843724            
9.416580            
9.898934            
9.944492            
9.244766            
9.278448            
9.122633            
8.724720            
9.272273            
8.913570            
9.514892            
8.950962            
9.187597            
9.838678            
10.718477           
9.974001            
14.457181           
8.733977            
9.017538            
9.303446            
10.332519           
9.626070            
11.237634           
10.166214           
8.642227            
10.070813           
11.326851           
9.614853            
8.970284            
7.966314            
10.577251           
9.015982            
13.136468           
8.205189            
9.288276            
8.413597            
10.411110           
9.837556            
10.538666           
8.974650            
8.281682            
9.492371            
11.285901           
11.059483           
8.974650            
9.069135            
9.437168            
9.543624            
9.470649            
9.932232            
9.118022            
11.808201           
8.898029            
9.616840            
9.190838            
10.200891           
8.676524            
11.784253           
8.275164            
11.738743           
10.519786           
8.083832            
10.369962           
8.787814            
9.141473            
9.204179            
9.641043            
10.839244           
8.439972            
10.429212           
8.329588            
8.960193            
10.987166           
8.803234            
8.679682            
10.697425           
8.222302            
9.754248            
8.968899            
8.741825            
9.574362            
9.244159            
9.398789            
8.698862            
10.107874           
15.247428           
7.815570            
11.141668           
9.956594            
9.367818            
9.678612            
8.740638            
11.674650           
9.534726            
8.802792            
9.045268            
11.285281           
9.625684            
9.060932            
9.867415            
8.166260            
8.619138            
11.292891           
10.512272           
8.054951            
12.244187           
10.151220           
9.374718            
8.122692            
8.753998            
10.022913           
9.124273            
9.923315            
11.573400           
10.338658           
9.758475            
9.723902            
8.670922            
9.703813            
10.530191           
8.022838            
9.884770            
9.831722            
8.820995            
9.261366            
9.587262            
8.942548            
8.772115            
8.610253            
9.059667            
11.365539           
9.250980            
9.836722            
8.727606            
9.994722            
10.067012           
8.441567            
9.563661            
10.685495           
8.514413            
10.132949           
8.873650            
10.772418           
10.144528           
10.814128           
12.187835           
9.965393            
8.758131            
8.326120            
10.293990           
9.484695            
9.499095            
8.981764            
9.588420            
9.437249            
11.526405           
9.248169            
9.683075            
9.999555            
11.243824           
11.525609           
11.981733           
8.375330            
9.733374            
9.871873            
9.440579            
9.122742            
9.227750            
9.485121            
10.632325           
8.797838            
9.127493            
8.358023            
9.848270            
9.594453            
10.533375           
10.111505           
11.414996           
9.848270            
12.214181           
10.481335           
10.156586           
8.520686            
8.811465            
10.905091           
9.770135            
8.685715            
8.764414            
11.340901           
10.665363           
10.280041           
9.388659            
8.957359            
9.563295            
9.446543            
9.992055            
10.454953           
9.696714            
10.959634           
8.288125            
11.362781           
9.381000            
8.751571            
10.496763           
9.232826            
10.132949           
7.792117            
10.348003           
10.215258           
9.521675            
9.692555            
11.001762           
8.883271            
10.582492           
13.681062           
10.542357           
8.876244            
8.773973            
9.427783            
10.350464           
12.302786           
8.917076            
10.985756           
9.300767            
11.018491           
8.302512            
10.874468           
9.442981            
10.153187           
11.498348           
9.735491            
9.789199            
9.979632            
9.448036            
9.945155            
9.548319            
11.345032           
11.994757           
13.045890           
8.385654            
9.221294            
9.529567            
10.329909           
9.536974            
10.017118           
9.247288            
9.442347            
8.986826            
10.689369           
10.171947           
10.171065           
12.100063           
9.481560            
8.372351            
9.451615            
13.821076           
9.552895            
9.364021            
12.569672           
9.207517            
11.721544           
10.737877           
8.144164            
9.728434            
10.301465           
9.991929            
10.053723           
8.887301            
9.129388            
9.592223            
9.213141            
8.901045            
9.460001            
10.876750           
10.312907           
9.807953            
9.743961            
8.061860            
11.901948           
10.265113           
9.881110            
12.329678           
12.095706           
10.312036           
11.996468           
8.571260            
8.358891            
11.487229           
11.487243           
10.152717           
11.936024           
12.254509           
9.685246            
9.259370            
8.811857            
8.308571            
11.576506           
9.791008            
10.330466           
11.617843           
9.895584            
8.489731            
8.400929            
11.026733           
10.171288           
8.629647            
8.739358            
9.828125            
11.612555           
7.951911            
9.457784            
9.209662            
8.790232            
8.812924            
9.879794            
11.573699           
9.785653            
11.219007           
9.756719            
10.536380           
11.230182           
9.965919            
11.365539           
12.430464           
11.123245           
9.324706            
9.192560            
8.752419            
11.327259           
8.725912            
9.186458            
9.514998            
10.015996           
9.639509            
11.409140           
11.334304           
7.984611            
8.848906            
7.874384            
9.119595            
10.105108           
9.009924            
9.484072            
8.296252            
9.148521            
10.215258           
9.219307            
8.762423            
9.558524            
8.592038            
9.446171            
9.457263            
9.633011            
9.582067            
10.208764           
9.288519            
11.092636           
11.732976           
12.115186           
10.106957           
8.627618            
12.150558           
8.526265            
9.402527            
8.989313            
10.792943           
8.973907            
10.107198           
12.336656           
8.990645            
9.632803            
10.135799           
10.314009           
10.243522           
9.420044            
9.212630            
8.959475            
8.653147            
10.189467           
8.584506            
9.988820            
10.708083           
11.933026           
10.452848           
10.231212           
9.095651            
14.761755           
9.965156            
8.571260            
11.400176           
11.705560           
8.815137            
9.900510            
11.901449           
9.953365            
9.791634            
9.460045            
11.030416           
9.231768            
10.301171           
11.169904           
11.124293           
8.093353            
9.125625            
12.468942           
10.185450           
9.908035            
10.668652           
10.045237           
10.105823           
10.723678           
9.837556            
9.853339            
10.240303           
9.207517            
10.451594           
12.786880           
10.439531           
10.859478           
9.133609            
7.703741            
9.325393            
9.277840            
9.374390            
10.263204           
9.863666            
9.754248            
8.583599            
